471|机械小鸡|10|1
40|灰猫|8|1
42|黑纹灰猫|8|1
44|黑尾白猫|8|1
46|白猫|3|2
49|花羽鹦鹉|3|1
51|金翼鹦鹉|3|4
55|幽暗城蟑螂|2|1
57|蓝龙宝宝|2|1
59|绿龙宝宝|9|1
65|树蛙|3|3
68|棕色猫头鹰|3|3
70|棕色土拨鼠|5|3
74|白鳞蛇|8|1
77|棕色蟒蛇|8|1
83|机械小鸡|3|4
85|步行炸弹|10|1
87|精龙宝宝|8|1
90|烟网小蜘蛛|8|1
93|迷你破坏神|5|1
95|逼真的蟾蜍|9|1
114|恶心的软泥怪|9|1
116|安静的机械雪人|7|1
118|冬季驯鹿|1|1
120|冬天爷爷的小助手|1|1
125|飞毛腿|5|1
127|小老鼠吱吱|7|1
130|角鹰兽宝宝|2|1
132|魔法龙虾|6|4
137|棕兔|3|2
139|红色飞蛾|3|3
141|白色飞蛾|2|2
143|红色龙鹰幼崽|2|3
145|蓝色龙鹰幼崽|3|4
149|迷你鹦鹉|5|1
156|蕉蕉|6|1
158|蛋蛋|5|1
160|臭臭|7|1
163|牙牙|9|1
165|魔汁|5|1
167|小孢子蝠|10|1
169|风筝龙|5|1
171|银猪|7|1
173|尼尼|9|1
175|凤凰宝宝|2|1
183|灵魂商人|3|4
188|霜霜|4|3
191|发条战士|5|1
194|小食虱鸟|3|4
196|始祖龙宝宝|8|1
198|小潘|7|1
200|春兔|3|1
202|暴雪熊宝宝|5|1
204|泰达希尔树苗|8|1
206|提瑞斯法蝙蝠宝宝|8|1
209|艾尔文小羊羔|5|1
211|沙滩蟹|7|1
213|魔法扫帚|10|1
218|森金神像|7|1
224|玳瑁猫|1|1
226|好奇的小狼獾人|10|1
228|玛润|6|1
231|碧玉虎|8|1
233|变异幼龙|8|1
235|小塔克|8|1
237|暴掠幼龙|8|1
239|拉扎什幼龙|3|1
242|幽灵虎幼崽|2|1
244|熔火恶犬宝宝|3|1
246|驭风者宝宝|6|1
248|熊猫人僧侣|4|1
250|溜溜|6|1
253|霜娃娃|10|3
255|星界灵龙|10|1
258|迷你雷神|3|1
260|金色小矛骑兵|10|1
262|解除武装的机甲伙伴|4|1
265|佩波|4|1
267|魔化灯笼|2|1
270|暗色凤凰宝宝|3|3
272|犰狳幼崽|10|1
278|幼狐|7|1
285|兰德鲁的小拆|8|1
287|迷你火焰蜂|5|1
291|唱歌的向日葵|6|1
293|源质晶簇|1|1
296|枭兽宝宝|7|1
298|枭兽宝宝|8|1
302|兰德鲁的小巫妖|8|1
306|冬泉豹幼崽|8|1
308|长腿|3|1
310|巫毒雕像|3|1
316|塞纳里奥角鹰兽宝宝|8|1
318|火红鞭笞者|8|1
320|小泰蕾苟萨|4|1
323|疯狂松鼠|3|3
328|紫色河豚|1|1
330|暗月小猴|1|1
335|暗月乌龟|7|1
338|暗月坦克|10|1
340|小海马|6|1
342|节日灯笼|8|2
346|魔卒萨满|2|1
348|军团之眼|5|6
378|兔子|5|5
380|鹿齿土拨鼠|5|1
382|太阳龙宝宝|9|2
385|耗子|5|3
387|蛇|9|3
389|小小收割者|5|3
392|赤脊山老鼠|5|6
395|秃鹫雏鸟|8|2
397|臭鼬|5|4
399|锦蛇|8|4
401|海湾蟹|3|3
403|鹦鹉|5|2
405|树蟒|5|4
407|林地小蜘蛛|8|3
409|波利|5|4
411|小猩猩|8|3
414|蝎子|5|3
416|小黑蝎|5|4
418|水蛇|9|2
420|蟾蜍|3|3
422|噬鱼蛇|7|3
424|蟑螂|8|3
427|燃灰幼蛛|8|4
429|熔火甲虫|5|1
431|响尾毒蛇|8|2
433|刺蜥|8|2
438|王蛇|4|2
440|雪豹幼崽|5|3
442|辐射蟑螂|5|6
445|小旋风|6|4
447|小鹿|5|6
449|棕色土拨鼠|8|2
452|红尾花栗鼠|4|2
454|幽暗城老鼠|4|3
456|凋零雄鹰|8|2
458|洛丹伦迷途者|8|4
460|红玉树苗|8|1
463|灵魂蟹|3|3
465|掠食者幼崽|8|3
467|蜣螂|5|4
469|暮光甲虫|8|4
471|机械小鸡|10|8
473|绿松乌龟|8|1
475|斑纹长颈鹿|5|2
478|森林蛾|5|2
480|黄宝石钻孔幼蛛|8|2
483|亮鳞蜥蜴|8|4
485|石犰狳|5|6
488|珊瑚蛇|2|3
491|沙漠小猫|5|3
493|闪光湖蜗牛|8|3
495|青蛙|5|3
497|腐化蟑螂|3|3
499|腐化鼠|6|6
502|斑点铃蛙|3|3
504|双帆幼龙|8|4
506|喷毒幼蛛|3|3
508|黑海岸幼崽|7|3
511|响尾蛇|5|4
513|幼年其拉守护者|1|10
515|初生孢芽|8|2
518|裂蹄小牛|7|3
521|虚空鳐幼体|8|2
525|火鸡|8|2
529|峡湾座狼幼崽|6|4
532|迷你碎角|3|5
535|小水花|9|2
537|龙骨幼鸟|4|2
539|洞穴鼠|5|5
541|防火蟑螂|9|2
543|蝗虫|3|3
545|斑点蝎|5|3
547|诺达希尔小精灵|3|10
549|黄腹土拨鼠|5|5
552|暮光小恶魔|5|5
554|赤红幼岩蛛|5|4
556|水晶甲虫|2|5
558|极地狐狸崽|7|4
560|海鸥|8|3
564|翡翠乌龟|9|2
566|明镜水黾|8|2
568|珠丝蜗牛|9|2
570|假面狸猫|8|2
572|塔边小蟹|3|4
626|蝙蝠|4|2
628|被感染的小鹿|9|3
630|吉尔尼斯渡鸦|8|2
632|燃灰蜥蜴|5|4
634|水晶蜘蛛|8|3
637|敏捷的洞穴蛛|5|4
639|北风土拨鼠|5|6
641|极地野兔|5|5
645|高地火鸡|3|4
647|灰色松鼠|9|4
649|黄蟾蜍|7|1
652|小金鱼|5|1
666|微型纳克斯号|5|1
675|暴风城老鼠|5|3
678|丛林幼虫|8|2
680|魁潭猫鼬|8|4
702|金钱豹蛙|5|2
706|超能浣熊|5|2
708|南洋箭鼠|5|4
710|泽地小歌手|9|3
712|四方水獭幼崽|9|2
714|热毒牙幼蛛|8|2
717|薄荷甲虫|3|3
722|魅力闪耀者|9|3
724|高山幼狐|8|2
726|平原监视者|5|5
728|泽川小鸡|5|6
730|多莱兔仔|8|2
732|琥珀飞蛾|5|3
737|猫鼬|9|2
740|牦鼠|8|2
742|迷糊的刺猬|5|3
744|坚忍蟑螂|8|2
746|君王蟹|3|4
748|镀金飞蛾|9|2
750|金色麝猫幼崽|9|4
752|黄腹牛蛙|3|2
754|神龛苍蝇|5|2
756|真菌飞蛾|2|1
792|碧玉雏鹤|2|1
817|野生翠绿雏龙|2|1
819|野生赤红雏龙|5|1
821|野生兔仔|5|4
834|小磨石|1|1
836|踏水黾|7|10
838|紫晶幼岩蛛|10|1
845|碧玉猫头鹰|6|1
847|小鱼|5|3
851|角蜥|7|1
856|翡翠触须|7|1
903|爆虫|9|3
1039|帝蚕蛾|5|1
1042|红色蟋蟀|5|1
1062|暗月萤火虫|6|1
1068|乌鸦|1|1
1117|燃烬猫仔|7|1
1125|熊猫人风灵|7|1
1128|泥地掘坑鼠|10|1
1143|巨型白骨蜘蛛|4|1
1145|比格沃斯先生|4|1
1147|烈焰先驱者|1|1
1150|灰岩之核|2|1
1152|克洛玛尼斯|2|1
1154|维希度斯小水滴|1|1
1156|迷你斩灵者|1|2
1158|瘦弱雪人|6|1
1160|魔法之眼|2|3
1162|焊接小猫|10|2
1164|锯齿迅猛龙|2|3
1166|昆莱小雪人|2|3
1174|拉风魔典|7|2
1176|红色小熊猫|7|4
1178|夺日者微型哨兵|7|1
1180|赞达拉袭胫者|8|2
1182|泽地鸣蛙|10|1
1184|瘦弱恐角龙|6|1
1196|棕色小熊猫|8|1
1198|高山小熊猫|8|1
1201|格纳瑟斯的子嗣|3|2
1204|皮埃尔|8|5
1206|红色小金鱼|9|1
1208|绿色小金鱼|9|1
1211|赞达拉撕踝者|8|4
1213|赞达拉啮趾者|1|5
1227|展览馆管理员|6|3
1229|恶魔小鬼|9|3
1231|被污染的小水花|6|3
1233|袖珍机甲|6|4
1235|凤头隼雏鸟|8|1
1237|加兹洛奇|4|2
1243|活化液体|6|1
1245|小泥团|7|1
1255|泽拉达尔|10|2
1266|雪福，雪怒的幼崽|8|3
1303|赤芝，赤精的雏鸟|2|1
1305|皂皂，砮皂的幼犊|10|1
1321|天青雏鹤|10|3
1323|灰叶小林精|3|4
1325|焰光蛾|3|3
1328|红玉小水滴|1|4
1330|致死小蝰蛇|7|3
1332|黏稠的小煞魔|7|4
1334|科沃克|7|1
1336|酒灵臭臭|9|2
1338|幼年巨口蛙|1|5
1344|暴怒小箭猪|5|2
1346|祥和小箭猪|7|1
1349|腐化的小助手|4|1
1363|奥特兰克负酒犬|1|1
1365|财宝地精|1|1
1385|白化小奇美拉|3|1
1387|钢铁星弹|4|1
1395|小剩|7|1
1403|机械斧喙鸟|3|1
1412|仿真机械霜鬃野猪|3|1
1426|毛绒雷象|5|7
1428|僵尸龙虾人|7|10
1430|森林幼苗|7|10
1434|阳光幼苗|8|2
1441|泥浆跳跃者|4|1
1446|草地践踏者幼崽|9|4
1448|海牛|8|1
1450|德莱尼微型防御者|7|1
1453|淡水兽幼崽|1|1
1455|食苔掠行者|8|4
1457|冰脊幼崽|3|4
1462|血刺蜂|3|4
1464|暮光蜂|3|4
1466|亮爪|10|2
1468|血喙|3|5
1470|斧喙雏鸟|3|1
1478|“乌贼”希德|1|5
1511|爱情鸟雏鸟|10|1
1516|灌木小鸡|7|1
1518|烈性酒灵|4|1
1523|无间妖灵|6|2
1530|霜狼幽灵幼崽|10|1
1532|伊奇|2|1
1536|赞加孢子|3|1
1538|暗泽孢子|3|1
1540|明亮孢子|9|1
1542|霜狼幼崽|5|1
1544|迷你恨光|3|4
1546|风暴之翼|2|4
1564|厄运之花|10|5
1566|永茂小孔雀|3|1
1568|泥水恐魔|7|1
1570|阳炎卡利鸟|8|4
1572|夺目的红羽雀|3|5
1574|塞泰之子|3|1
1576|观察之眼|8|4
1578|霜壳钳爪蟹|9|2
1581|沼泽蟹|9|2
1583|海藻凿孔蟹|3|3
1587|皇家飞蛾|3|3
1589|赤翼蛾|3|4
1591|紫色萤火虫|3|4
1593|水荧|8|4
1595|板牙幼崽|3|1
1597|卡利雏鸟|3|3
1599|暗影孢子蝠|4|4
1601|戴米多斯的仆从|1|1
1603|阿吉|6|1
1615|焦热蜥蜴|4|1
1623|海兽幼崽|6|1
1625|暴怒残片|4|1
1627|欲望残片|1|4
1629|恶臭腐尸|6|1
1632|微型炎刃防御者|6|1
1634|痛苦的仆从|10|1
1639|恶灵魔像|9|6
1656|幼年塔布羊|8|1
1661|迷路的虚空狼崽|8|1
1663|紫花幼崽|6|1
1665|鬼壳蟹|10|1
1687|离群的小鲨鱼|1|4
1690|森卢肯碎片|5|1
1692|凶蛮虎崽|3|1
1699|魔化大锅|6|1
1701|魔化羽毛笔|8|1
1706|灰喉熊崽|3|4
1709|幼年皇羽鹰|3|5
1711|天角雏鹰|3|5
1713|长耳猫头鹰|3|1
1715|守夜飞扑者|3|1
1717|黯淡之眼|6|1
1719|审判之眼|2|1
1721|风裔龙宝宝|2|3
1723|梦魇龙宝宝|1|3
1726|潜地小蜘蛛|8|1
1728|幼年煤壳蟹|5|6
1730|幽灵织网蛛|8|4
1734|荧光水蝇|8|2
1736|湿滑的棕鳞蛇|3|4
1738|褐色环尾浣熊|9|4
1740|幽灵蛆虫|4|4
1743|黑脚狐幼崽|8|2
1749|紫红泰斑蛇|4|2
1751|血角之子|5|1
1753|黯水水母|9|1
1755|水母胖胖|8|1
1759|魔术小猪|8|1
1761|回声小蝙蝠|3|4
1763|针尾河狸|6|1
1765|以太嗜魔者|6|1
1773|博学的嗜魔者|6|1
1775|珊脊沙蟹|5|3
1777|布鲁特|5|3
1802|腐臭小水花|1|1
1804|复活的刃豹幼崽|10|1
1806|冒牌布林顿|8|1
1808|魔网巢蛛|8|5
1810|棘爪巢蛛|1|1
1884|幼年大角鹿|1|1
1886|图格|1|1
1888|天界河马幼崽|3|1
1890|矮脚幼犬|5|1
1907|迷你猫头鹰|9|1
1912|幼年变异战龟|5|6
1914|海岸沙鸥|5|7
1917|风暴海狸|1|1
1919|部落狂热者|6|1
1921|自由的浮龙宝宝|8|1
1926|饥饿之爪|8|1
1928|火蝠幼崽|8|1
1930|拉甘|6|1
1932|梦魇鞭笞者|7|1
1934|贝纳克斯|1|1
1936|淘气包|5|1
1939|军团士兵鱼人|1|1
1941|雪牙|5|1
1949|热情的小火苗|8|1
1953|雪地狗头人幼崽|4|2
1955|迷你岩浆暴怒者|2|2
1957|符文熔铸侍从|6|4
1959|迷你凛冬暴怒者|7|1
1961|G0-R41-0N型终极坦克|6|1
1963|碎骨|6|9
1965|毒息|4|1
1967|食尸鬼苦工|4|3
1969|星尘|3|1
1975|恐嘴雏龙|3|1
1977|血眼雏龙|3|4
1997|咸饼干|7|1
1999|洞穴蝮蛇|3|3
2001|挖洞蛛|4|1
2003|小炉|5|1
2017|永恒龙宝宝|7|1
2022|小戈隆泰勒|4|1
2036|霜裔雏龙|4|1
2041|便携式火炮|4|1
2047|班福，班禄的幼崽|8|1
2050|失怙的魔蝠|8|1
2057|三角帽|10|3
2062|小影|5|3
2064|挖矿的猴子|5|3
2071|青铜始祖龙宝宝|2|1
2077|幽灵鲨|10|1
2079|废弃的实验品|4|1
2081|暮光巢穴姐妹|7|2
2083|无面者爪牙|7|1
2085|凉凉|7|3
2087|烬网隐士蛛|7|2
2089|地狱火爪|6|4
2091|堕落之血|7|1
2093|毁灭混合体|5|1
2114|迷你雪人|6|1
2116|失怙的魔鼠|7|1
2118|温顺的天鳍鳐|3|1
2120|贪婪化身|8|1
2122|安托兰灾怨幼虫|8|4
2124|灾怨蝇|3|7
2127|闪烁的阿古尼特水晶|8|2
2129|虚空猎手幼崽|6|7
2131|魔力吞噬者|6|5
2133|迷你魔鼠|3|6
2135|背叛的小鬼|9|1
2157|达达尼昂|6|1
2163|异种蝎迷你坦克|3|1
2184|翁帕尔|3|1
2186|米利克萨之嗣|6|1
2188|波达|4|1
2190|护卫眼镜蛇幼崽|10|1
2196|小提|8|1
2198|帕菲|4|1
2201|魔化蒂基面具|4|1
2352|巴尔|9|10
2373|河流蛙|9|5
2375|山谷土拨鼠|3|7
2377|沙背爬蟹|9|2
2379|蜜蜂|3|7
2381|陋居蟹|9|5
2383|巨型蛀虫|3|4
2385|礁石寄居蟹|9|3
2387|金甲虫|8|4
2389|轻盈的水黾|3|4
2392|小捋沙蟹|6|4
2394|复活的幼龙|5|4
2397|幽灵渡鸦|9|1
2399|寄居蟹|9|4
2401|断根鼠|10|1
2403|深渊鳗鱼|3|1
2405|克莱因猎隼|8|1
2407|疯狂短尾兔|4|1
2409|巨翼鹦鹉|10|1
2411|柳魔幼兽|8|1
2413|赞达拉嚼膝者|5|1
2415|好奇的特拉格|8|1
2417|球潮虫幼崽|8|1
2419|沼泽蟾蜍|6|1
2421|巨蜥幼体|3|1
2423|淡水钳爪蟹|9|1
2425|长满藤壶的寄居蟹|3|1
2427|寇帕|7|1
2429|艾泽里提|9|1
2431|恐虱吸血者|8|4
2433|奥德鲁斯幼苗|6|4
2435|微型泰坦宝珠|8|2
2437|狂怒之鸣|3|3
2439|艾泽里特软泥|7|4
2441|小聒|3|1
2443|迷你攻城塔|10|3
2445|小凿|9|1
2447|燃网幼蛛|8|1
2449|仿真厚指猩猩|7|1
2451|血石掘洞虫|3|1
2453|幼年盐壳龙虾人|8|1
2455|尖嘴船长|4|1
2457|寒光浪行者|8|1
2459|小鼻|3|1
2461|墨墨|9|1
2463|沙壳鸣虫|8|1
2465|玩闹的霜眷|7|1
2467|淘气的微风|7|1
2469|荆丛幼芽|5|1
2472|小钳嘴|3|1
2474|弹簧跃蟾|9|1
2476|吃撑的吸血蛛|8|1
2478|剪子爵士|9|1
2525|赤脊山狼蛛|10|1
2527|帕库的子嗣|9|1
2529|雷霆蜥蜴幼崽|10|1
2531|机械蟑螂|4|1
2533|警报犬|10|1
2535|柳魔怨灵|8|4
2538|达希尔|8|1
2540|坦基尔|3|1
2544|黑海岸哨卫|7|1
2546|侦探雷伊|7|1
2548|永燃树人|6|1
2550|无力的祖阿其|8|1
2552|皮翼尖啸者|4|1
2554|针背幼崽|3|1
2556|影羽雏鸦|3|1
2558|汪汪勋爵|9|1
2560|阿挠|2|1
2562|猩红八爪鱼|3|1
2564|重组的机械大猩猩|10|1
2566|信天翁幼鸟|3|1
2568|钴蓝渡鸦|9|1
2575|蟹蟹先生|9|1
2577|跳跳蛙|2|1
2579|石掌|4|1
2581|彗星|6|1
2583|碧蓝觅风者|7|1
2585|库尔提克宝宝|3|1
2587|加拉隆的子嗣|6|1
2590|贪婪的骄灵|7|1
2621|小奈法|8|1
2623|朵蒂|4|1
2645|沙爪铁钳蟹|9|3
2647|烁壳凿孔蟹|9|3
2649|低音鸣脊蟹|3|4
2651|渊潮鱼苗|9|1
2653|尖壳蜗牛|5|1
2658|鸣脊猎渊蟹|5|2
2660|泥泞蛞蝓|8|4
2662|暮齿水豚|5|5
2664|实验蟑螂|9|4
2666|淡黄跃屑蛙|10|6
2668|古铜跳蛙|3|4
2670|麦卡贡土拨鼠|10|1
2672|合金巷道鼠|10|7
2674|H4ND-EE|10|4
2676|失控的微型机器人|2|3
2678|深渊幼蛇|1|1
2681|姆格勒|1|1
2683|藻鳍|9|4
2685|沙爪觅巢蟹|9|1
2687|辉光烁壳蟹|9|1
2689|鸣脊针刺蟹|9|1
2691|鸣脊吞噬蟹|9|1
2693|纳拉达之裔|9|6
2695|刀齿狂鱼|9|1
2697|紫晶软壳蜗牛|5|1
2699|潮光蛞蝓|5|1
2701|海怒|7|1
2703|护沙者|9|2
2706|卤岩藻魔|7|1
2708|珊瑚鞭笞者幼苗|9|2
2710|溺亡的角鹰兽宝宝|8|1
2712|柔雪啃食者|8|1
2714|OOX-35/MG|10|1
2716|实用型机械爪|10|1
2718|微型机器人8D|2|1
2720|蜘蛛掠行机|6|1
2747|肮脏喷毒怪|4|1
2749|地穴恶魔|6|1
2753|喷洒机器人0D型|4|1
2755|冒险跳跳兔|7|1
2757|粘滑的水獭|9|4
2760|粘滑的八爪鱼|9|4
2762|粘滑的狩暗者|9|4
2765|粘滑的海蛞蝓|10|1
2767|燃尽|1|1
2778|鮟度因|2|1
2780|黛西|3|3
2793|沐日翩蝶|3|2
2795|杰娜弗尔|9|1
2797|虚痕狼崽|6|1
2832|玛乌亚|1|1
2834|亚基虫巢之嗣|3|1
2836|腐化之眼|6|1
2838|克苏法|5|1
2840|虚痕猫|5|1
2842|阿诺玛鲁斯|5|1
2844|臭佬|1|1
2846|腐化触须|8|1
2848|亚基地道虫|8|1
2850|被诅咒的沙丘守护者|8|1
2852|青玉卫士|3|1
2863|绿洲掸虚蛾|5|3
2865|虚黾|3|4
2867|金辉鸣蛐|10|1
2869|纳米尖爪|7|1
2872|影钩宝宝|8|1
2888|格里姆勒|10|4
2891|赧红小蜘蛛|7|2
2893|活化魔典|4|3
2895|失落之魂|6|3
2897|小怒|7|2
2899|宫廷信使|1|1
2901|被困的石精|3|5
2903|赤红惊惧之翼宝宝|3|1
2905|阿闪|8|3
2908|啾啾叫的啸谷者|3|1
2910|弗鲁法|3|1
2912|灰翅孢舞蛾|3|1
2914|星光梦驹|8|1
2916|饥饿的潜地者|5|1
2918|毛毛|3|4
2920|戈姆针刺者|3|1
2922|噬食心蛛|3|1
2924|静谧踏水鹤|3|3
2926|幼年恐爪鸟|3|4
2928|热心的微光蝶|3|4
2930|烁池幼龟|9|1
2932|银壳钳嘴龟|8|1
2934|金爪幼狐|8|1
2936|铜裘幼狐|8|2
2938|鎏金涉水鹤|3|4
2940|被吞噬的涉水鹤|8|1
2942|生气勃勃的天驹|3|3
2944|乌纳尔的手臂|8|1
2946|致命的骨牙猪|8|3
2948|骨织蜘蛛宝宝|8|2
2950|小握|6|3
2953|害羞的梅尔文|5|1
2955|骸虱幼崽|5|3
2957|蠕动之脊|4|1
2959|小灵通|6|1
2961|淤泥触须|4|1
2963|穆度德|3|4
2965|吮血幼蛛|1|1
3006|岩肤惊惧之翼宝宝|8|3
3008|失落的羽毛笔|3|1
3010|堕罪尖啸者|3|1
3012|小岩|5|2
3014|迷沼爬行者|7|4
3016|快乐的格斯|7|1
3018|特鲁迪|7|1
3020|符光跳跃者|5|4
3022|烁光林枝囤果者|5|1
3024|焦蓝|4|1
3026|塔楼死亡蟑螂|5|2
3028|裂拳|4|2
3030|灰烬咀嚼者|5|2
3033|噬渊追猎者|4|1
3035|淡紫啮咬者|6|1
3037|阿惧|5|2
3039|腐烂的噬渊鼠|4|2
3041|死亡追寻者|1|1
3043|摇摇|5|2
3045|彩色淤泥|4|1
3047|脊虫|5|4
3050|黯淡掠行者|6|5
3052|通灵鳐幼嗣|2|1
3054|档案员的羽毛笔|1|1
3062|失落的幼鸟|3|3
3064|翼狮幼崽|3|1
3066|露西|1|1
3079|冬叶林鬼|8|4
3081|凋零幼虫|3|6
3083|胃蝠|10|1
3097|无瑕的紫晶珠蜒|4|1
3099|注能的以太浮蛇|10|1
3101|阿猾|3|4
3103|铜背以太浮蛇|8|1
3105|绿松石珠蜒|8|1
3107|古尔戈尔|8|2
3109|银白呼噜猫|8|1
3111|潮湿的囤鼠|5|3
3113|罕奇|4|3
3115|执着的残肢|3|1
3117|苋紫钉刺者|5|4
3119|断肢|4|4
3121|擒拿之手|4|1
3123|死亡蟑螂|5|2
3125|金眼|6|4
3127|阿吞|6|1
3129|灭绝之眼|1|1
3131|渊誓仆从|1|1
3133|城堡|5|3
3135|年幼的榴石咽兽|5|1
3137|覆苔跃足兽|5|1
3139|吞噬者宝宝|8|1
3141|野生的冥蝇|2|1
3169|聚焦原型|6|1
3171|无限潜能之核|6|1
3173|元蟾奏鸣者|8|1
3175|奔波儿丝塔萨|8|1
3177|卓克斯|3|1
3179|活化原型|9|1
3181|平静原型|5|1
3190|凶狠的元兔|5|6
3196|元鸟幼雏|9|1
3200|猩红元鸟|8|1
3202|元蛛追猎者|8|3
3204|求生原型|5|4
3206|翡翠元甲虫|8|1
3208|红元蛇|8|1
3210|绿元蛇|3|1
3212|吸血元蜂|8|5
3214|元袋熊妈妈|7|3
3216|元螈撕咬者|9|3
3218|被激怒的元鸡|5|3
3220|满足原型|1|1
3222|硬壳|9|1
3224|凶猛的元甲虫|3|1
3226|多重鸡|7|1
3229|新生原型|9|1
3231|原型之痒|5|1
3233|警惕原型|8|1
3235|迷你元螺|1|1
3237|伊·厄尼|10|1
3249|小乌索克|3|1
3256|珠光玛瑙龙崽|5|1
3260|白雪掠树者|6|1
3262|紫狂|9|1
3264|晶化小怪兽|8|1
3266|黑色狐龙幼崽|9|1
3270|让的幸运小鱼|5|6
3273|岩浆蛞蝓|10|1
3275|栗子|5|4
3278|开心果|2|1
3280|羞蜓|9|2
3282|小龙蛙|7|1
3284|维斯库克|9|1
3286|嘟嘟先生|4|1
3288|特朗卡朗普弗|7|1
3290|邦博|8|1
3292|愿翼凤凰|6|1
3294|吉拉德|7|4
3296|幼螈|7|1
3300|铁喙鸭|9|4
3302|飞行员|9|1
3306|i-鸭|9|4
3309|淡绿鸭子|7|1
3311|欧胡纳伙伴|8|4
3316|拉宾斯|8|1
3318|雷脚幼蜥|3|1
3320|白须|3|1
3322|啃林斑姬啄木鸟|3|1
3325|獒犬伙伴|8|1
3327|暮色木齿兽|8|3
3329|雷触木齿兽|8|3
3331|艾玛赫|9|1
3333|绿柱石之鬃|8|1
3335|苍白龙麒宝宝|8|1
3338|科巴尔特|2|1
3344|珠光蓝玉龙崽|2|1
3346|珠光红玉龙崽|2|1
3348|原始雷灵|6|1
3351|灰毛幼崽|8|3
3353|石壳龟|9|2
3355|洞穴回响|9|1
3357|碧蓝晶刺猪|6|1
3359|雪爪熊崽|9|1
3361|钻石蟹|9|1
3365|玫红跃蛙|7|4
3367|幼生余烬|7|1
3376|小片|2|1
3379|猩红始祖雏龙|3|1
3381|灰色狨猴|2|1
3384|雷触蓝羽鸭|8|4
3389|先祖鸭魂|7|1
3403|蓝色冲刺者|9|4
3405|活体泥面膜|6|1
3407|斯考特|6|1
3409|海潮精魂|7|1
3411|烈焰精魂|7|1
3414|黑曜始祖雏龙|8|1
3416|忧虑之书|8|1
3427|小雪流|7|1
3447|颤地者|7|1
3449|涡流|10|1
3477|泥潭跳跃者|3|3
3479|耶拉本|5|4
3481|石须鼠|5|4
3483|巨石之牙|7|3
3485|空洞蛾|3|3
3487|殷红螺蛳|7|3
3489|日冕眼镜蛇|3|3
3491|阿尔福斯|5|1
3511|布莱斯|7|1
3515|阿努纳|9|1
3518|莴苣|7|1
3523|切达|7|1
3525|深渊潜鱼|5|1
3529|兰戈|8|1
3533|小兄弟|5|1
3536|阿羞|5|1
3538|小诡|5|1
3541|嵴状岩翼蝠|7|1
3545|沙尔维伦|8|1
3547|翡翠峭蝰|7|1
3549|觅心蛾|3|1
3551|泪滴蛾|2|1
3557|洛吉|5|1
3579|鱼瑟拉|6|1
3582|布拉布|7|1
3596|卡布鲁伊|8|1
3600|帕里布留斯|8|1
4255|楠角幼崽|1|1
4258|惊心|6|1
4260|灭除机器人9000|2|1
4262|恩卢比|8|1
4266|小飑|8|3
4276|芳犽幼崽|5|5
4278|魔网牡麋|8|2
4280|臭啼|9|1
4286|光华|6|1
4288|蓝路|6|1
4290|梦蹄幼麑|5|1
4292|小忆|5|1
4296|小瞌|2|1
4298|小籽|5|1
4300|小眠|8|1
4303|突牙|5|1
4305|大鼻|6|1
4307|杉杉|5|1
4309|倦倦|6|1
4409|可爱的小鸭子|5|1
4411|利斯|6|1
4421|跃月|9|1
4450|旧忆河爪豺狼人|6|1
4452|旧忆幼崽|8|1
4456|蛛形幼体|8|7
4459|苔藓弹涂鱼|3|7
4461|绿地之鸡|8|1
4463|提比略|8|1
4465|香草|8|1
4467|圣洁萤火虫|3|1
4470|乌普拉加克斯|9|10
4472|影泽跃蛙|4|1
4475|网网|4|1
4477|翠绿乌贼|6|10
4481|虚空之子软泥|6|10
4483|恶毒的血虱|5|4
4485|覆苔蜗牛|8|1
4490|茸茸|8|1
4492|毛缘|9|1
4496|扭扭|5|10
4499|普通犁虫|5|1
4506|紫罗兰孢点|6|10
4508|翡翠孢点|3|4
4511|剧毒之翼|3|1
4514|闲花萤火虫|3|5
4516|夺目萤火虫|7|1
4518|岩浆之壳爬螺|9|1
4521|地底箭蛙|9|1
4524|荒纹跃蛙|5|10
4526|沙石苔绒羱|5|1
4529|页岩苔绒羱|5|1
4533|温顺的血色鞭笞者|7|1
4535|鬼面滋事菇|7|1
4537|切斯特|8|10
4539|花岗岩磐羊|8|10
4541|基岩岩石冲锋者|9|1
4543|阴暗的小莫格顿爵士|6|10
4546|沙石磐羊|1|1
4569|小玛尼|7|1
4571|粉皮掘地者|8|4
4574|嗅吸幼兽|8|1
4576|鳄梨鼹|7|1
4579|麝香爪幼犊|2|1
4581|红玉之眼鹿壳虫|8|1
4586|棕色叶虫|3|1
4590|耀光|3|1
4592|小雾|8|1
4594|达拉然下水道乌龟|7|1
4598|铜铜|6|1
4602|卡劳迪乌斯|5|1
4615|帕尔洛克|10|1
4618|闲情机器人9000|8|4
4631|工头|8|1
4633|邋遢|8|1
4636|穆特|10|1
4638|赤红机甲暴龙|10|1
4640|娇小弗莱兰多|10|1
4642|百万机甲猩|10|1
4644|重拳教授|10|1
4646|私人工兵|10|1
4648|热砂勤杂机|10|1
4650|风险企业人|5|10
4652|浸酸的老鼠|5|1
4654|地渊蟑螂|5|1
4656|爆壳螃蟹|9|10
4658|洞穴蟹|9|10
4660|苍壳蟹|10|1
4662|淘气鼠MK II型|10|10
4664|钢铁小鸡|9|10
4667|弹簧呱鸣机|10|10
4669|蓝度|1|1
4679|小卡|8|1
4684|木雕翔天幼蛇|8|1
4689|卡拉赞虹吸者|8|1
4693|逃离的化学物质|6|1
4701|斑点鼠|8|5
4703|洞穴三叶虫幼崽|7|1
4708|马默杜克|3|6
4711|毒鳍龙幼崽|10|1
4723|崖际幼崽|8|2
4726|爆鸣咆哮者|8|1
4729|饱腹的滚爪|9|2
4732|食腐毒鳍龙|6|1
4748|虚痕鹦鹉|8|1
4750|虚痕陆行雏鸟|2|1
4759|大炸蟹|10|1
4793|威奇|8|1
4801|小透明|5|1
4804|迅掌|10|1
4811|翩飞希望|2|1
4813|小眼魔伊希瑟勒|5|1
4826|好斗的棘尾狐|6|1
4828|不耐烦的眼魔|6|1
4830|雷·达尔|6|1
4833|异黄虹吸幼虫|8|1
4835|青色虹吸幼虫|8|1
4838|培尔科提，虚无大口|8|1
4840|优雅的宇宙鳐幼体|3|1
4842|窃尘贼|3|1
4844|好奇的宇宙鳐幼体|5|1
4846|赫卡塔诺斯，不谐使者|5|1
4848|天蓝玩赏虫|10|1
4851|小小雪朋友|8|1
4854|暮牙邪能水豚|1|1
4859|佐·雅|8|0
4898|鱼柳凯斯|9|1
4901|守望者的伙伴雏鸟|8|0
4911|P.O.S.T.助理|2|0
4929|小嚼|6|0
4949|暗影烈焰残留物|8|0
4965|沉睡的曼德拉草|8|0
4983|凯|8|0
5017|虚痕雏鹰|8|0
5020|过载的小法力龙|9|0
5022|虚空之触雏鸟|8|0
5036|获救的龙鹰雏鸟|6|0
5038|扭动的水豚|8|0
5040|好奇的山猫幼崽|8|0
